1003
1026
1030
1036
1120
1121
114
1180
1185
1211
132
1338
135
1364
1398
1399
1405
1440
1504
1513
1518
1523
1527
1550
1552
159
1647
1680
1687
1701
1760
1791
1793
179
1807
181
1850
1974
1998
2042
2075
2077
2121
2177
2285
2300
232
2427
2440
2478
258
281
296
298
3770
3771
382
3844
3980
405
408
4156
416
4208
4290
4314
431
4360
4376
4412
4436
4459
4489
4520
4560
4563
4565
4638
4683
4747
4784
4802
512
533
561
580
610
625
715
735
764
777
802
809
815
884
891
895
902
928
929
1159
1291
133
1358
145
152
153
1634
197
202
2082
212
2340
274
287
336
342
345
347
356
413
413
466
473
4841
540
585
607
950